123,12,123,123,Hi mom,123,2017-10-11_184457
